{
 "cells": [
  {
   "cell_type": "markdown",
   "id": "c6b62a2a-5a52-4b29-8da7-4fe58605f79e",
   "metadata": {},
   "source": [
    "# lets us consider there are 7 stocks in the portfolio for the analysis"
   ]
  },
  {
   "cell_type": "code",
   "execution_count": 1,
   "id": "4430c9c0-221e-43cf-9d9e-7c68abbb122d",
   "metadata": {},
   "outputs": [],
   "source": [
    "import yfinance as yf\n",
    "import numpy as np\n",
    "import pandas as pd\n",
    "import matplotlib.pyplot as plt\n",
    "from scipy.optimize import minimize"
   ]
  },
  {
   "cell_type": "code",
   "execution_count": 2,
   "id": "5e8ae91c-27d6-4726-97c3-4c79027e6ac8",
   "metadata": {},
   "outputs": [],
   "source": [
    "tickers = ['AAPL', 'MSFT', 'GOOGL', 'AMZN', 'META', 'NVDA', 'TSLA']  # example tech tickers on Yahoo\n",
    "start = \"2022-01-01\"\n",
    "end = \"2025-11-21\""
   ]
  },
  {
   "cell_type": "code",
   "execution_count": 3,
   "id": "7a37bf6d-6790-4cab-b13d-71210805351a",
   "metadata": {},
   "outputs": [
    {
     "name": "stderr",
     "output_type": "stream",
     "text": [
      "[*********************100%***********************]  7 of 7 completed\n"
     ]
    },
    {
     "data": {
      "text/html": [
       "<div>\n",
       "<style scoped>\n",
       "    .dataframe tbody tr th:only-of-type {\n",
       "        vertical-align: middle;\n",
       "    }\n",
       "\n",
       "    .dataframe tbody tr th {\n",
       "        vertical-align: top;\n",
       "    }\n",
       "\n",
       "    .dataframe thead th {\n",
       "        text-align: right;\n",
       "    }\n",
       "</style>\n",
       "<table border=\"1\" class=\"dataframe\">\n",
       "  <thead>\n",
       "    <tr style=\"text-align: right;\">\n",
       "      <th>Ticker</th>\n",
       "      <th>AAPL</th>\n",
       "      <th>AMZN</th>\n",
       "      <th>GOOGL</th>\n",
       "      <th>META</th>\n",
       "      <th>MSFT</th>\n",
       "      <th>NVDA</th>\n",
       "      <th>TSLA</th>\n",
       "    </tr>\n",
       "    <tr>\n",
       "      <th>Date</th>\n",
       "      <th></th>\n",
       "      <th></th>\n",
       "      <th></th>\n",
       "      <th></th>\n",
       "      <th></th>\n",
       "      <th></th>\n",
       "      <th></th>\n",
       "    </tr>\n",
       "  </thead>\n",
       "  <tbody>\n",
       "    <tr>\n",
       "      <th>2022-01-03</th>\n",
       "      <td>178.270309</td>\n",
       "      <td>170.404495</td>\n",
       "      <td>143.998337</td>\n",
       "      <td>336.465820</td>\n",
       "      <td>323.898376</td>\n",
       "      <td>30.064436</td>\n",
       "      <td>399.926666</td>\n",
       "    </tr>\n",
       "    <tr>\n",
       "      <th>2022-01-04</th>\n",
       "      <td>176.007782</td>\n",
       "      <td>167.522003</td>\n",
       "      <td>143.410400</td>\n",
       "      <td>334.468109</td>\n",
       "      <td>318.344391</td>\n",
       "      <td>29.235001</td>\n",
       "      <td>383.196655</td>\n",
       "    </tr>\n",
       "    <tr>\n",
       "      <th>2022-01-05</th>\n",
       "      <td>171.326004</td>\n",
       "      <td>164.356995</td>\n",
       "      <td>136.831253</td>\n",
       "      <td>322.183838</td>\n",
       "      <td>306.123932</td>\n",
       "      <td>27.552166</td>\n",
       "      <td>362.706665</td>\n",
       "    </tr>\n",
       "    <tr>\n",
       "      <th>2022-01-06</th>\n",
       "      <td>168.466003</td>\n",
       "      <td>163.253998</td>\n",
       "      <td>136.803940</td>\n",
       "      <td>330.423035</td>\n",
       "      <td>303.704926</td>\n",
       "      <td>28.125086</td>\n",
       "      <td>354.899994</td>\n",
       "    </tr>\n",
       "    <tr>\n",
       "      <th>2022-01-07</th>\n",
       "      <td>168.632477</td>\n",
       "      <td>162.554001</td>\n",
       "      <td>136.078461</td>\n",
       "      <td>329.757172</td>\n",
       "      <td>303.859711</td>\n",
       "      <td>27.195835</td>\n",
       "      <td>342.320007</td>\n",
       "    </tr>\n",
       "    <tr>\n",
       "      <th>...</th>\n",
       "      <td>...</td>\n",
       "      <td>...</td>\n",
       "      <td>...</td>\n",
       "      <td>...</td>\n",
       "      <td>...</td>\n",
       "      <td>...</td>\n",
       "      <td>...</td>\n",
       "    </tr>\n",
       "    <tr>\n",
       "      <th>2025-11-14</th>\n",
       "      <td>272.410004</td>\n",
       "      <td>234.690002</td>\n",
       "      <td>276.410004</td>\n",
       "      <td>609.460022</td>\n",
       "      <td>509.226898</td>\n",
       "      <td>190.169998</td>\n",
       "      <td>404.350006</td>\n",
       "    </tr>\n",
       "    <tr>\n",
       "      <th>2025-11-17</th>\n",
       "      <td>267.459991</td>\n",
       "      <td>232.869995</td>\n",
       "      <td>285.019989</td>\n",
       "      <td>602.010010</td>\n",
       "      <td>506.541931</td>\n",
       "      <td>186.600006</td>\n",
       "      <td>408.920013</td>\n",
       "    </tr>\n",
       "    <tr>\n",
       "      <th>2025-11-18</th>\n",
       "      <td>267.440002</td>\n",
       "      <td>222.550003</td>\n",
       "      <td>284.279999</td>\n",
       "      <td>597.690002</td>\n",
       "      <td>492.867554</td>\n",
       "      <td>181.360001</td>\n",
       "      <td>401.250000</td>\n",
       "    </tr>\n",
       "    <tr>\n",
       "      <th>2025-11-19</th>\n",
       "      <td>268.559998</td>\n",
       "      <td>222.690002</td>\n",
       "      <td>292.809998</td>\n",
       "      <td>590.320007</td>\n",
       "      <td>486.209991</td>\n",
       "      <td>186.520004</td>\n",
       "      <td>403.989990</td>\n",
       "    </tr>\n",
       "    <tr>\n",
       "      <th>2025-11-20</th>\n",
       "      <td>266.250000</td>\n",
       "      <td>217.139999</td>\n",
       "      <td>289.450012</td>\n",
       "      <td>589.150024</td>\n",
       "      <td>478.429993</td>\n",
       "      <td>180.639999</td>\n",
       "      <td>395.230011</td>\n",
       "    </tr>\n",
       "  </tbody>\n",
       "</table>\n",
       "<p>976 rows × 7 columns</p>\n",
       "</div>"
      ],
      "text/plain": [
       "Ticker            AAPL        AMZN       GOOGL        META        MSFT  \\\n",
       "Date                                                                     \n",
       "2022-01-03  178.270309  170.404495  143.998337  336.465820  323.898376   \n",
       "2022-01-04  176.007782  167.522003  143.410400  334.468109  318.344391   \n",
       "2022-01-05  171.326004  164.356995  136.831253  322.183838  306.123932   \n",
       "2022-01-06  168.466003  163.253998  136.803940  330.423035  303.704926   \n",
       "2022-01-07  168.632477  162.554001  136.078461  329.757172  303.859711   \n",
       "...                ...         ...         ...         ...         ...   \n",
       "2025-11-14  272.410004  234.690002  276.410004  609.460022  509.226898   \n",
       "2025-11-17  267.459991  232.869995  285.019989  602.010010  506.541931   \n",
       "2025-11-18  267.440002  222.550003  284.279999  597.690002  492.867554   \n",
       "2025-11-19  268.559998  222.690002  292.809998  590.320007  486.209991   \n",
       "2025-11-20  266.250000  217.139999  289.450012  589.150024  478.429993   \n",
       "\n",
       "Ticker            NVDA        TSLA  \n",
       "Date                                \n",
       "2022-01-03   30.064436  399.926666  \n",
       "2022-01-04   29.235001  383.196655  \n",
       "2022-01-05   27.552166  362.706665  \n",
       "2022-01-06   28.125086  354.899994  \n",
       "2022-01-07   27.195835  342.320007  \n",
       "...                ...         ...  \n",
       "2025-11-14  190.169998  404.350006  \n",
       "2025-11-17  186.600006  408.920013  \n",
       "2025-11-18  181.360001  401.250000  \n",
       "2025-11-19  186.520004  403.989990  \n",
       "2025-11-20  180.639999  395.230011  \n",
       "\n",
       "[976 rows x 7 columns]"
      ]
     },
     "execution_count": 3,
     "metadata": {},
     "output_type": "execute_result"
    }
   ],
   "source": [
    "prices = yf.download(tickers, start=start, end=end, auto_adjust=False)[\"Adj Close\"].dropna()\n",
    "prices"
   ]
  },
  {
   "cell_type": "code",
   "execution_count": 4,
   "id": "d15ce2df-accc-4118-bc44-b3f38d49bde0",
   "metadata": {},
   "outputs": [
    {
     "data": {
      "text/html": [
       "<div>\n",
       "<style scoped>\n",
       "    .dataframe tbody tr th:only-of-type {\n",
       "        vertical-align: middle;\n",
       "    }\n",
       "\n",
       "    .dataframe tbody tr th {\n",
       "        vertical-align: top;\n",
       "    }\n",
       "\n",
       "    .dataframe thead th {\n",
       "        text-align: right;\n",
       "    }\n",
       "</style>\n",
       "<table border=\"1\" class=\"dataframe\">\n",
       "  <thead>\n",
       "    <tr style=\"text-align: right;\">\n",
       "      <th>Ticker</th>\n",
       "      <th>AAPL</th>\n",
       "      <th>AMZN</th>\n",
       "      <th>GOOGL</th>\n",
       "      <th>META</th>\n",
       "      <th>MSFT</th>\n",
       "      <th>NVDA</th>\n",
       "      <th>TSLA</th>\n",
       "    </tr>\n",
       "    <tr>\n",
       "      <th>Date</th>\n",
       "      <th></th>\n",
       "      <th></th>\n",
       "      <th></th>\n",
       "      <th></th>\n",
       "      <th></th>\n",
       "      <th></th>\n",
       "      <th></th>\n",
       "    </tr>\n",
       "  </thead>\n",
       "  <tbody>\n",
       "    <tr>\n",
       "      <th>2022-01-04</th>\n",
       "      <td>-0.012692</td>\n",
       "      <td>-0.016916</td>\n",
       "      <td>-0.004083</td>\n",
       "      <td>-0.005937</td>\n",
       "      <td>-0.017147</td>\n",
       "      <td>-0.027589</td>\n",
       "      <td>-0.041833</td>\n",
       "    </tr>\n",
       "    <tr>\n",
       "      <th>2022-01-05</th>\n",
       "      <td>-0.026600</td>\n",
       "      <td>-0.018893</td>\n",
       "      <td>-0.045876</td>\n",
       "      <td>-0.036728</td>\n",
       "      <td>-0.038388</td>\n",
       "      <td>-0.057562</td>\n",
       "      <td>-0.053471</td>\n",
       "    </tr>\n",
       "    <tr>\n",
       "      <th>2022-01-06</th>\n",
       "      <td>-0.016693</td>\n",
       "      <td>-0.006711</td>\n",
       "      <td>-0.000200</td>\n",
       "      <td>0.025573</td>\n",
       "      <td>-0.007902</td>\n",
       "      <td>0.020794</td>\n",
       "      <td>-0.021523</td>\n",
       "    </tr>\n",
       "    <tr>\n",
       "      <th>2022-01-07</th>\n",
       "      <td>0.000988</td>\n",
       "      <td>-0.004288</td>\n",
       "      <td>-0.005303</td>\n",
       "      <td>-0.002015</td>\n",
       "      <td>0.000510</td>\n",
       "      <td>-0.033040</td>\n",
       "      <td>-0.035447</td>\n",
       "    </tr>\n",
       "    <tr>\n",
       "      <th>2022-01-10</th>\n",
       "      <td>0.000116</td>\n",
       "      <td>-0.006570</td>\n",
       "      <td>0.012061</td>\n",
       "      <td>-0.011212</td>\n",
       "      <td>0.000732</td>\n",
       "      <td>0.005615</td>\n",
       "      <td>0.030342</td>\n",
       "    </tr>\n",
       "    <tr>\n",
       "      <th>...</th>\n",
       "      <td>...</td>\n",
       "      <td>...</td>\n",
       "      <td>...</td>\n",
       "      <td>...</td>\n",
       "      <td>...</td>\n",
       "      <td>...</td>\n",
       "      <td>...</td>\n",
       "    </tr>\n",
       "    <tr>\n",
       "      <th>2025-11-14</th>\n",
       "      <td>-0.001978</td>\n",
       "      <td>-0.012164</td>\n",
       "      <td>-0.007754</td>\n",
       "      <td>-0.000705</td>\n",
       "      <td>0.013690</td>\n",
       "      <td>0.017714</td>\n",
       "      <td>0.005871</td>\n",
       "    </tr>\n",
       "    <tr>\n",
       "      <th>2025-11-17</th>\n",
       "      <td>-0.018171</td>\n",
       "      <td>-0.007755</td>\n",
       "      <td>0.031149</td>\n",
       "      <td>-0.012224</td>\n",
       "      <td>-0.005273</td>\n",
       "      <td>-0.018773</td>\n",
       "      <td>0.011302</td>\n",
       "    </tr>\n",
       "    <tr>\n",
       "      <th>2025-11-18</th>\n",
       "      <td>-0.000075</td>\n",
       "      <td>-0.044317</td>\n",
       "      <td>-0.002596</td>\n",
       "      <td>-0.007176</td>\n",
       "      <td>-0.026996</td>\n",
       "      <td>-0.028081</td>\n",
       "      <td>-0.018757</td>\n",
       "    </tr>\n",
       "    <tr>\n",
       "      <th>2025-11-19</th>\n",
       "      <td>0.004188</td>\n",
       "      <td>0.000629</td>\n",
       "      <td>0.030006</td>\n",
       "      <td>-0.012331</td>\n",
       "      <td>-0.013508</td>\n",
       "      <td>0.028452</td>\n",
       "      <td>0.006829</td>\n",
       "    </tr>\n",
       "    <tr>\n",
       "      <th>2025-11-20</th>\n",
       "      <td>-0.008601</td>\n",
       "      <td>-0.024923</td>\n",
       "      <td>-0.011475</td>\n",
       "      <td>-0.001982</td>\n",
       "      <td>-0.016001</td>\n",
       "      <td>-0.031525</td>\n",
       "      <td>-0.021684</td>\n",
       "    </tr>\n",
       "  </tbody>\n",
       "</table>\n",
       "<p>975 rows × 7 columns</p>\n",
       "</div>"
      ],
      "text/plain": [
       "Ticker          AAPL      AMZN     GOOGL      META      MSFT      NVDA  \\\n",
       "Date                                                                     \n",
       "2022-01-04 -0.012692 -0.016916 -0.004083 -0.005937 -0.017147 -0.027589   \n",
       "2022-01-05 -0.026600 -0.018893 -0.045876 -0.036728 -0.038388 -0.057562   \n",
       "2022-01-06 -0.016693 -0.006711 -0.000200  0.025573 -0.007902  0.020794   \n",
       "2022-01-07  0.000988 -0.004288 -0.005303 -0.002015  0.000510 -0.033040   \n",
       "2022-01-10  0.000116 -0.006570  0.012061 -0.011212  0.000732  0.005615   \n",
       "...              ...       ...       ...       ...       ...       ...   \n",
       "2025-11-14 -0.001978 -0.012164 -0.007754 -0.000705  0.013690  0.017714   \n",
       "2025-11-17 -0.018171 -0.007755  0.031149 -0.012224 -0.005273 -0.018773   \n",
       "2025-11-18 -0.000075 -0.044317 -0.002596 -0.007176 -0.026996 -0.028081   \n",
       "2025-11-19  0.004188  0.000629  0.030006 -0.012331 -0.013508  0.028452   \n",
       "2025-11-20 -0.008601 -0.024923 -0.011475 -0.001982 -0.016001 -0.031525   \n",
       "\n",
       "Ticker          TSLA  \n",
       "Date                  \n",
       "2022-01-04 -0.041833  \n",
       "2022-01-05 -0.053471  \n",
       "2022-01-06 -0.021523  \n",
       "2022-01-07 -0.035447  \n",
       "2022-01-10  0.030342  \n",
       "...              ...  \n",
       "2025-11-14  0.005871  \n",
       "2025-11-17  0.011302  \n",
       "2025-11-18 -0.018757  \n",
       "2025-11-19  0.006829  \n",
       "2025-11-20 -0.021684  \n",
       "\n",
       "[975 rows x 7 columns]"
      ]
     },
     "execution_count": 4,
     "metadata": {},
     "output_type": "execute_result"
    }
   ],
   "source": [
    "daily_returns = prices.pct_change().dropna()\n",
    "daily_returns"
   ]
  },
  {
   "cell_type": "code",
   "execution_count": 5,
   "id": "182b8aaf-382a-4047-a5e0-46e98eb4a091",
   "metadata": {},
   "outputs": [],
   "source": [
    "trading_days = 252"
   ]
  },
  {
   "cell_type": "code",
   "execution_count": 6,
   "id": "ebbffd99-ef02-420a-a732-6a50df006e0e",
   "metadata": {},
   "outputs": [
    {
     "data": {
      "text/plain": [
       "Ticker\n",
       "AAPL     0.144988\n",
       "AMZN     0.133798\n",
       "GOOGL    0.233977\n",
       "META     0.255300\n",
       "MSFT     0.137132\n",
       "NVDA     0.610218\n",
       "TSLA     0.190106\n",
       "dtype: float64"
      ]
     },
     "execution_count": 6,
     "metadata": {},
     "output_type": "execute_result"
    }
   ],
   "source": [
    "mu = daily_returns.mean() * trading_days            # expected annual returns\n",
    "mu"
   ]
  },
  {
   "cell_type": "code",
   "execution_count": 7,
   "id": "42c72550-1bd6-4f1d-8e46-b65c8cfa5ce5",
   "metadata": {},
   "outputs": [
    {
     "data": {
      "text/html": [
       "<div>\n",
       "<style scoped>\n",
       "    .dataframe tbody tr th:only-of-type {\n",
       "        vertical-align: middle;\n",
       "    }\n",
       "\n",
       "    .dataframe tbody tr th {\n",
       "        vertical-align: top;\n",
       "    }\n",
       "\n",
       "    .dataframe thead th {\n",
       "        text-align: right;\n",
       "    }\n",
       "</style>\n",
       "<table border=\"1\" class=\"dataframe\">\n",
       "  <thead>\n",
       "    <tr style=\"text-align: right;\">\n",
       "      <th>Ticker</th>\n",
       "      <th>AAPL</th>\n",
       "      <th>AMZN</th>\n",
       "      <th>GOOGL</th>\n",
       "      <th>META</th>\n",
       "      <th>MSFT</th>\n",
       "      <th>NVDA</th>\n",
       "      <th>TSLA</th>\n",
       "    </tr>\n",
       "    <tr>\n",
       "      <th>Ticker</th>\n",
       "      <th></th>\n",
       "      <th></th>\n",
       "      <th></th>\n",
       "      <th></th>\n",
       "      <th></th>\n",
       "      <th></th>\n",
       "      <th></th>\n",
       "    </tr>\n",
       "  </thead>\n",
       "  <tbody>\n",
       "    <tr>\n",
       "      <th>AAPL</th>\n",
       "      <td>0.083135</td>\n",
       "      <td>0.060965</td>\n",
       "      <td>0.055447</td>\n",
       "      <td>0.066396</td>\n",
       "      <td>0.049295</td>\n",
       "      <td>0.081746</td>\n",
       "      <td>0.091776</td>\n",
       "    </tr>\n",
       "    <tr>\n",
       "      <th>AMZN</th>\n",
       "      <td>0.060965</td>\n",
       "      <td>0.142617</td>\n",
       "      <td>0.077246</td>\n",
       "      <td>0.107883</td>\n",
       "      <td>0.068562</td>\n",
       "      <td>0.115620</td>\n",
       "      <td>0.110564</td>\n",
       "    </tr>\n",
       "    <tr>\n",
       "      <th>GOOGL</th>\n",
       "      <td>0.055447</td>\n",
       "      <td>0.077246</td>\n",
       "      <td>0.107105</td>\n",
       "      <td>0.086413</td>\n",
       "      <td>0.057055</td>\n",
       "      <td>0.095668</td>\n",
       "      <td>0.089299</td>\n",
       "    </tr>\n",
       "    <tr>\n",
       "      <th>META</th>\n",
       "      <td>0.066396</td>\n",
       "      <td>0.107883</td>\n",
       "      <td>0.086413</td>\n",
       "      <td>0.218287</td>\n",
       "      <td>0.076377</td>\n",
       "      <td>0.130158</td>\n",
       "      <td>0.103675</td>\n",
       "    </tr>\n",
       "    <tr>\n",
       "      <th>MSFT</th>\n",
       "      <td>0.049295</td>\n",
       "      <td>0.068562</td>\n",
       "      <td>0.057055</td>\n",
       "      <td>0.076377</td>\n",
       "      <td>0.072845</td>\n",
       "      <td>0.094201</td>\n",
       "      <td>0.073412</td>\n",
       "    </tr>\n",
       "    <tr>\n",
       "      <th>NVDA</th>\n",
       "      <td>0.081746</td>\n",
       "      <td>0.115620</td>\n",
       "      <td>0.095668</td>\n",
       "      <td>0.130158</td>\n",
       "      <td>0.094201</td>\n",
       "      <td>0.296143</td>\n",
       "      <td>0.161629</td>\n",
       "    </tr>\n",
       "    <tr>\n",
       "      <th>TSLA</th>\n",
       "      <td>0.091776</td>\n",
       "      <td>0.110564</td>\n",
       "      <td>0.089299</td>\n",
       "      <td>0.103675</td>\n",
       "      <td>0.073412</td>\n",
       "      <td>0.161629</td>\n",
       "      <td>0.388473</td>\n",
       "    </tr>\n",
       "  </tbody>\n",
       "</table>\n",
       "</div>"
      ],
      "text/plain": [
       "Ticker      AAPL      AMZN     GOOGL      META      MSFT      NVDA      TSLA\n",
       "Ticker                                                                      \n",
       "AAPL    0.083135  0.060965  0.055447  0.066396  0.049295  0.081746  0.091776\n",
       "AMZN    0.060965  0.142617  0.077246  0.107883  0.068562  0.115620  0.110564\n",
       "GOOGL   0.055447  0.077246  0.107105  0.086413  0.057055  0.095668  0.089299\n",
       "META    0.066396  0.107883  0.086413  0.218287  0.076377  0.130158  0.103675\n",
       "MSFT    0.049295  0.068562  0.057055  0.076377  0.072845  0.094201  0.073412\n",
       "NVDA    0.081746  0.115620  0.095668  0.130158  0.094201  0.296143  0.161629\n",
       "TSLA    0.091776  0.110564  0.089299  0.103675  0.073412  0.161629  0.388473"
      ]
     },
     "execution_count": 7,
     "metadata": {},
     "output_type": "execute_result"
    }
   ],
   "source": [
    "sigma = daily_returns.cov() * trading_days          # annual covariance\n",
    "sigma"
   ]
  },
  {
   "cell_type": "code",
   "execution_count": 8,
   "id": "624e5a1e-0ac5-4e27-a805-0fa42cc8754b",
   "metadata": {},
   "outputs": [],
   "source": [
    "rf = 0.0022   # risk free rate"
   ]
  },
  {
   "cell_type": "code",
   "execution_count": 9,
   "id": "1b68459a-8550-4819-94fa-a363a188c8df",
   "metadata": {},
   "outputs": [
    {
     "data": {
      "text/html": [
       "<div>\n",
       "<style scoped>\n",
       "    .dataframe tbody tr th:only-of-type {\n",
       "        vertical-align: middle;\n",
       "    }\n",
       "\n",
       "    .dataframe tbody tr th {\n",
       "        vertical-align: top;\n",
       "    }\n",
       "\n",
       "    .dataframe thead th {\n",
       "        text-align: right;\n",
       "    }\n",
       "</style>\n",
       "<table border=\"1\" class=\"dataframe\">\n",
       "  <thead>\n",
       "    <tr style=\"text-align: right;\">\n",
       "      <th>Ticker</th>\n",
       "      <th>AAPL</th>\n",
       "      <th>AMZN</th>\n",
       "      <th>GOOGL</th>\n",
       "      <th>META</th>\n",
       "      <th>MSFT</th>\n",
       "      <th>NVDA</th>\n",
       "      <th>TSLA</th>\n",
       "    </tr>\n",
       "    <tr>\n",
       "      <th>Ticker</th>\n",
       "      <th></th>\n",
       "      <th></th>\n",
       "      <th></th>\n",
       "      <th></th>\n",
       "      <th></th>\n",
       "      <th></th>\n",
       "      <th></th>\n",
       "    </tr>\n",
       "  </thead>\n",
       "  <tbody>\n",
       "    <tr>\n",
       "      <th>AAPL</th>\n",
       "      <td>1.000000</td>\n",
       "      <td>0.559886</td>\n",
       "      <td>0.587603</td>\n",
       "      <td>0.492876</td>\n",
       "      <td>0.633447</td>\n",
       "      <td>0.520984</td>\n",
       "      <td>0.510690</td>\n",
       "    </tr>\n",
       "    <tr>\n",
       "      <th>AMZN</th>\n",
       "      <td>0.559886</td>\n",
       "      <td>1.000000</td>\n",
       "      <td>0.625008</td>\n",
       "      <td>0.611442</td>\n",
       "      <td>0.672663</td>\n",
       "      <td>0.562594</td>\n",
       "      <td>0.469727</td>\n",
       "    </tr>\n",
       "    <tr>\n",
       "      <th>GOOGL</th>\n",
       "      <td>0.587603</td>\n",
       "      <td>0.625008</td>\n",
       "      <td>1.000000</td>\n",
       "      <td>0.565148</td>\n",
       "      <td>0.645939</td>\n",
       "      <td>0.537171</td>\n",
       "      <td>0.437785</td>\n",
       "    </tr>\n",
       "    <tr>\n",
       "      <th>META</th>\n",
       "      <td>0.492876</td>\n",
       "      <td>0.611442</td>\n",
       "      <td>0.565148</td>\n",
       "      <td>1.000000</td>\n",
       "      <td>0.605690</td>\n",
       "      <td>0.511927</td>\n",
       "      <td>0.356023</td>\n",
       "    </tr>\n",
       "    <tr>\n",
       "      <th>MSFT</th>\n",
       "      <td>0.633447</td>\n",
       "      <td>0.672663</td>\n",
       "      <td>0.645939</td>\n",
       "      <td>0.605690</td>\n",
       "      <td>1.000000</td>\n",
       "      <td>0.641368</td>\n",
       "      <td>0.436403</td>\n",
       "    </tr>\n",
       "    <tr>\n",
       "      <th>NVDA</th>\n",
       "      <td>0.520984</td>\n",
       "      <td>0.562594</td>\n",
       "      <td>0.537171</td>\n",
       "      <td>0.511927</td>\n",
       "      <td>0.641368</td>\n",
       "      <td>1.000000</td>\n",
       "      <td>0.476527</td>\n",
       "    </tr>\n",
       "    <tr>\n",
       "      <th>TSLA</th>\n",
       "      <td>0.510690</td>\n",
       "      <td>0.469727</td>\n",
       "      <td>0.437785</td>\n",
       "      <td>0.356023</td>\n",
       "      <td>0.436403</td>\n",
       "      <td>0.476527</td>\n",
       "      <td>1.000000</td>\n",
       "    </tr>\n",
       "  </tbody>\n",
       "</table>\n",
       "</div>"
      ],
      "text/plain": [
       "Ticker      AAPL      AMZN     GOOGL      META      MSFT      NVDA      TSLA\n",
       "Ticker                                                                      \n",
       "AAPL    1.000000  0.559886  0.587603  0.492876  0.633447  0.520984  0.510690\n",
       "AMZN    0.559886  1.000000  0.625008  0.611442  0.672663  0.562594  0.469727\n",
       "GOOGL   0.587603  0.625008  1.000000  0.565148  0.645939  0.537171  0.437785\n",
       "META    0.492876  0.611442  0.565148  1.000000  0.605690  0.511927  0.356023\n",
       "MSFT    0.633447  0.672663  0.645939  0.605690  1.000000  0.641368  0.436403\n",
       "NVDA    0.520984  0.562594  0.537171  0.511927  0.641368  1.000000  0.476527\n",
       "TSLA    0.510690  0.469727  0.437785  0.356023  0.436403  0.476527  1.000000"
      ]
     },
     "execution_count": 9,
     "metadata": {},
     "output_type": "execute_result"
    }
   ],
   "source": [
    "corr = daily_returns.corr()\n",
    "corr"
   ]
  },
  {
   "cell_type": "code",
   "execution_count": 10,
   "id": "8f63193b-c76c-4551-afe3-72570244788c",
   "metadata": {},
   "outputs": [],
   "source": [
    "n = len(tickers)\n",
    "\n",
    "def portfolio_stats(weights,mu,sigma):\n",
    "    ret = weights.dot(mu)\n",
    "    vol = np.sqrt(weights.T @sigma @weights)\n",
    "    Sharpe = (ret - rf)/ vol\n",
    "    return ret, vol, Sharpe\n",
    "\n",
    "cons = ({'type':'eq','fun': lambda w: np.sum(w)-1}) \n",
    "\n",
    "bounds = tuple((0,0.3) for _ in range(n))  \n",
    "\n",
    "init = np.repeat(1/n, n)\n",
    "\n",
    "min_var = minimize(lambda w: w.T @ sigma @ w,\n",
    "                   x0=init,\n",
    "                   method='SLSQP',\n",
    "                   bounds=bounds,\n",
    "                   constraints=cons)\n",
    "\n",
    "w_minvar = min_var.x\n",
    "ret_minvar, vol_minvar, _ = portfolio_stats(w_minvar, mu, sigma)"
   ]
  },
  {
   "cell_type": "code",
   "execution_count": 11,
   "id": "e6cd39f6-38c4-4596-b6a9-73a90f4b58a1",
   "metadata": {},
   "outputs": [],
   "source": [
    "# Max Sharpe (tangency) portfolio\n",
    "def neg_sharpe(w, mu, sigma, rf=rf):\n",
    "    ret = w.dot(mu)\n",
    "    vol = np.sqrt(w.T @ sigma @ w)\n",
    "    return - (ret - rf) / vol\n",
    "\n",
    "max_sharpe = minimize(neg_sharpe, x0=init, args=(mu,sigma),\n",
    "                      method='SLSQP', bounds=bounds, constraints=cons)\n",
    "\n",
    "w_maxsharpe = max_sharpe.x\n",
    "ret_maxsharpe, vol_maxsharpe, sharpe_max = portfolio_stats(w_maxsharpe, mu, sigma)"
   ]
  },
  {
   "cell_type": "code",
   "execution_count": 12,
   "id": "769f4932-8360-400b-8aab-133cbbd597fb",
   "metadata": {},
   "outputs": [
    {
     "data": {
